0,328
356,36
356,35
51,3
10,166
51,1
50,3
10,92
50,1
49,5
49,4
49,3
10,30
49,1
48,9
48,8
48,7
48,6
48,5
48,4
11,27
48,1
47,5
47,4
47,3
47,2
47,1
35,15
35,14
35,2
8,10
8,18
35,1
34,3
34,1
33,3
33,1
32,4
32,3
32,1
31,3
31,1
27,9
27,8
27,7
27,6
27,4
27,3
27,1
26,4
26,1
20,3
20,2
20,1
19,3
19,2
19,1
14,68
14,66
14,30
14,26
14,22
14,19
14,18
14,15
14,11
13,5
12,3
12,2
12,1
11,28
11,26
11,25
11,24
11,21
11,20
11,17
11,16
11,15
11,13
11,12
11,11
11,10
11,9
11,8
11,7
11,6
11,5
11,3
11,2
11,1
10,290
10,288
10,286
10,285
10,266
10,253
10,243
10,238
10,224
10,210
10,206
10,202
10,190
10,186
10,178
10,171
10,170
18,1
10,156
10,143
18,3
10,136
14,1
14,4
10,100
10,96
14,3
13,1
13,4
10,94
13,3
10,83
10,82
10,75
10,69
10,64
10,26
10,10
10,3
10,2
10,1
9,7
9,6
9,5
9,4
9,3
9,2
9,1
8,17
8,16
8,15
8,14
8,13
8,12
8,11
8,9
8,8
8,7
8,6
8,5
8,4
8,3
8,2
8,1
3,3
3,2
3,1
2,3
2,2
2,1
0,568
0,566
0,565
0,555
0,470
0,371
0,0
356,34
356,33
356,32
356,31
356,30
356,29
356,28
356,27
356,26
356,25
356,24
356,23
356,22
356,21
356,20
356,19
356,18
356,17
356,16
356,15
356,14
356,13
356,12
356,11
356,10
356,9
356,8
356,7
356,6
356,5
356,4
356,3
356,2
356,0
0,557
0,556
0,543
0,467
0,466
0,573
0,572
0,276
0,575
0,574
0,275
0,272
0,271
0,459
0,12
0,390
0,10
0,465
0,8
0,510
0,455
0,268
0,483
0,454
0,267
0,306
0,453
0,266
0,320
0,452
0,265
0,520
0,451
0,264
0,323
0,450
0,263
0,493
0,449
0,262
0,434
0,448
0,261
0,539
0,447
0,260
0,474
0,446
